1.400
1.500
1.700
1.600
1.467
1.467
1.433
1.233
1.033
1.100
1.400
1.833
1.567
1.867
2.000
1.567
1.333
1.367
1.600
1.800
1.533
1.733
1.733
1.700
1.633
1.533
1.833
1.367
2.000
2.133
1.700
2.033
1.767
2.300
1.400
1.700
1.433
1.867
1.733
1.700
1.500
1.333
1.900
1.633
1.767
1.400
1.967
1.600
2.367
1.233
1.200
1.700
1.333
1.800
1.400
1.667
2.000
1.700
2.667
2.100
1.800
1.733
1.700
1.700
2.367
2.267
3.533
2.100
2.333
1.867
2.200
2.533
1.633
2.633
2.233
2.767
2.433
2.333
2.533
2.333
1.833
2.833
1.900
2.467
2.767
1.833
2.400
2.367
2.867
3.100
1.400
2.167
2.167
2.433
1.533
2.067
2.600
1.433
2.100
2.133
1.467
1.700
1.800
2.133
1.667
1.833
1.567
1.533
1.767
2.933
2.900
2.933
2.533
1.833
2.567
2.033
3.000
1.733
2.600
1.867
2.867
2.800
2.467
3.067
1.933
3.467
1.700
3.200
2.367
3.767
1.733
2.033
2.433
1.500
3.100
1.767
1.633
2.800
1.867
3.000
2.000
2.100
2.500
2.233
2.233
2.567
1.833
2.433
2.733
1.900
2.967
2.533
3.300
3.833
1.667
1.700
1.967
2.367
1.567
2.667
3.233
1.700
2.467
3.333
1.433
1.767
2.233
2.067
1.833
2.133
2.067
3.233
2.733
2.633
3.500
1.733
2.567
1.933
3.400
2.233
2.400
3.800
1.467
3.133
2.200
2.033
2.067
1.767
2.233
2.467
1.400
2.200
1.967
3.067
1.567
2.233
2.767
1.433
2.000
1.500
1.300
2.100
1.967
2.800
1.833
2.200
3.033
1.567
2.433
2.267
1.233
1.467
1.333
1.267
2.233
1.500
1.167
1.667
1.867
1.333
