1.066666667
1.666666667
1.5
2.1
1.8
1.4
1.466666667
1.266666667
1.166666667
1.2
1.466666667
1.6
2.6
2.7
2.366666667
2.933333333
1.766666667
1.9
1.8
2.033333333
2.2
1.2
2.4
2.366666667
3.4
3.633333333
2.233333333
2.533333333
1.533333333
2.8
2.133333333
1.9
3.8
1.933333333
3.033333333
2.433333333
2.6
3.533333333
1.366666667
3.133333333
2.8
3.633333333
2.366666667
2.3
3.666666667
1.666666667
2.633333333
2.233333333
1.933333333
1.9
2.366666667
1.833333333
2.5
2.166666667
2.266666667
3.833333333
1.2
1.966666667
1.633333333
3.2
1.233333333
1.533333333
3.033333333
1.2
1.8
1.2
